     1 1
     2 14
     3 1
     4 2
     5 2
     6 2
     7 3
     8 2
     9 3
    10 3
    11 4
    12 4
    13 4
    14 3
    15 3
    16 5
    17 6
    18 6
    19 5
    20 5
    21 4
    22 4
    23 7
    24 5
    25 5
    26 7
    27 5
    28 9
    29 6
    30 8
    31 7
    32 7
    33 8
    34 7
    35 8
    36 10
    37 11
    38 9
    39 9
    40 11
    41 8
    42 13
    43 10
    44 11
    45 13
    46 15
    47 9
    48 12
    49 12
    50 12
    51 12
    52 15
    53 15
    54 11
    55 10
    56 12
    57 16
    58 11
    59 15
    60 13
    61 14
    62 12
    63 15
    64 14
    65 14
    66 18
    67 20
    68 25
    69 20
    70 22
    71 15
    72 16
    73 21
    74 15
    75 16
    76 19
    77 27
    78 16
    79 17
    80 28
    81 16
    82 23
    83 18
    84 20
    85 23
    86 23
    87 16
    88 17
    89 30
    90 22
    91 27
    92 19
    93 32
    94 27
    95 17
    96 31
    97 25
    98 24
    99 26
   100 22
