     1 1
     2 22
     3 1
     4 1
     5 3
     6 3
     7 3
     8 4
     9 3
    10 2
    11 2
    12 4
    13 3
    14 4
    15 4
    16 4
    17 6
    18 4
    19 5
    20 5
    21 7
    22 8
    23 6
    24 8
    25 7
    26 5
    27 9
    28 7
    29 10
    30 7
    31 10
    32 9
    33 11
    34 11
    35 8
    36 9
    37 8
    38 11
    39 7
    40 9
    41 9
    42 13
    43 15
    44 12
    45 14
    46 10
    47 15
    48 12
    49 15
    50 18
    51 10
    52 17
    53 12
    54 12
    55 11
    56 20
    57 11
    58 21
    59 21
    60 13
    61 17
    62 18
    63 20
    64 17
    65 24
    66 17
    67 16
    68 36
    69 15
    70 26
    71 21
    72 20
    73 24
    74 20
    75 24
    76 19
    77 25
    78 17
    79 23
    80 18
    81 29
    82 22
    83 23
    84 20
    85 27
    86 32
    87 27
    88 27
    89 32
    90 31
    91 19
    92 33
    93 28
    94 35
    95 25
    96 29
    97 31
    98 24
    99 22
   100 29
   101 28
   102 25
   103 26
   104 38
   105 35
   106 33
   107 36
   108 29
   109 32
   110 43
   111 27
   112 30
   113 26
   114 42
   115 30
   116 32
   117 30
   118 39
   119 27
   120 43
   121 36
   122 43
   123 33
   124 44
   125 31
   126 36
   127 37
   128 42
   129 43
   130 36
   131 34
   132 41
   133 42
   134 30
   135 29
   136 34
   137 53
   138 34
   139 55
   140 54
   141 45
   142 31
   143 39
   144 55
   145 55
   146 33
   147 34
   148 57
   149 49
   150 58
   151 58
   152 50
   153 45
   154 58
   155 46
   156 52
   157 50
   158 38
   159 53
   160 52
   161 34
   162 38
   163 53
   164 69
   165 61
   166 64
   167 40
   168 57
   169 58
   170 65
   171 44
   172 56
   173 65
   174 63
   175 57
   176 56
   177 61
   178 66
   179 67
   180 41
   181 72
   182 50
   183 68
   184 52
   185 50
   186 62
   187 47
   188 63
   189 67
   190 73
   191 60
   192 62
   193 69
   194 60
   195 45
   196 49
   197 72
   198 45
   199 64
   200 50
   201 55
   202 48
   203 75
   204 59
   205 43
   206 77
   207 58
   208 54
   209 70
   210 43
   211 51
   212 51
   213 76
   214 59
   215 47
   216 49
   217 55
   218 49
   219 69
   220 54
   221 48
   222 67
   223 47
   224 57
   225 65
   226 71
   227 84
   228 92
   229 79
   230 66
   231 76
   232 94
   233 60
   234 51
   235 63
   236 82
   237 76
   238 93
   239 58
   240 73
   241 70
   242 86
   243 62
   244 56
   245 86
   246 68
   247 67
   248 54
   249 97
   250 94
   251 53
   252 94
   253 54
   254 81
   255 96
   256 100
   257 101
   258 104
   259 88
   260 88
   261 64
   262 98
   263 94
   264 83
   265 68
   266 80
   267 80
   268 86
   269 65
   270 81
   271 97
   272 108
   273 100
   274 75
   275 104
   276 69
   277 111
   278 61
   279 72
   280 108
   281 72
   282 107
   283 108
   284 103
   285 113
   286 89
   287 103
   288 64
   289 76
   290 94
   291 72
   292 76
   293 65
   294 101
   295 81
   296 65
   297 118
   298 76
   299 79
   300 79
   301 81
   302 105
   303 103
   304 118
   305 104
   306 119
   307 118
   308 81
   309 73
   310 124
   311 86
   312 79
   313 70
   314 92
   315 69
   316 94
   317 76
   318 68
   319 127
   320 122
   321 114
   322 95
   323 91
   324 117
   325 103
   326 125
   327 120
   328 107
   329 102
   330 94
   331 69
   332 69
   333 95
   334 111
   335 111
   336 75
   337 113
   338 127
   339 108
   340 134
   341 113
   342 112
   343 114
   344 72
   345 115
   346 115
   347 75
   348 123
   349 131
   350 85
   351 140
   352 87
   353 75
   354 93
   355 83
   356 96
   357 139
   358 135
   359 80
   360 113
   361 124
   362 126
   363 106
   364 139
   365 95
   366 93
   367 85
   368 82
   369 139
   370 116
   371 142
   372 127
   373 146
   374 92
   375 138
   376 119
   377 91
   378 137
   379 92
   380 144
   381 121
   382 105
   383 123
   384 130
   385 65
   386 24
   387 22
   388 25
   389 18
   390 26
   391 20
   392 25
   393 24
   394 16
   395 22
   396 17
   397 23
   398 20
   399 22
   400 27
   401 18
   402 18
   403 18
   404 23
   405 24
   406 23
   407 24
   408 18
   409 24
   410 21
   411 21
   412 18
   413 25
   414 24
   415 21
   416 21
   417 23
   418 27
   419 22
   420 19
   421 28
   422 21
   423 24
   424 20
   425 18
   426 18
   427 21
   428 20
   429 27
   430 25
   431 18
   432 18
   433 24
   434 29
   435 26
   436 20
   437 27
   438 20
   439 26
   440 28
   441 19
   442 27
   443 19
   444 30
   445 28
   446 31
   447 21
   448 21
   449 26
   450 24
   451 19
   452 22
   453 22
   454 26
   455 28
   456 23
   457 27
   458 29
   459 19
   460 20
   461 25
   462 21
   463 20
   464 21
   465 29
   466 28
   467 26
   468 27
   469 21
   470 30
   471 20
   472 20
   473 25
   474 25
   475 28
   476 25
   477 29
   478 22
   479 21
   480 28
   481 21
   482 21
   483 23
   484 20
   485 27
   486 28
   487 20
   488 27
   489 20
   490 27
   491 26
   492 33
   493 25
   494 31
   495 22
   496 32
   497 27
   498 29
   499 24
   500 24
   501 28
   502 28
   503 21
   504 29
   505 28
   506 20
   507 22
   508 36
   509 27
   510 22
   511 30
   512 31
   513 26
   514 24
   515 26
   516 43
   517 20
   518 29
   519 27
   520 32
   521 32
   522 33
   523 33
   524 28
   525 34
   526 32
   527 34
   528 23
   529 34
   530 35
   531 22
   532 31
   533 26
   534 26
   535 33
   536 27
   537 33
   538 35
   539 31
   540 30
   541 24
   542 24
   543 36
   544 25
   545 25
   546 32
   547 31
   548 32
   549 38
   550 37
   551 37
   552 23
   553 30
   554 26
   555 27
   556 37
   557 28
   558 23
   559 34
   560 24
   561 27
   562 25
   563 34
   564 37
   565 22
   566 32
   567 24
   568 25
   569 25
   570 33
   571 37
   572 33
   573 25
   574 32
   575 37
   576 37
   577 27
   578 39
   579 25
   580 32
   581 25
   582 33
   583 30
   584 45
   585 25
   586 30
   587 29
   588 42
   589 25
   590 34
   591 25
   592 28
   593 33
   594 28
   595 30
   596 33
   597 33
   598 32
   599 33
   600 26
   601 37
   602 37
   603 30
   604 33
   605 37
   606 26
   607 38
   608 34
   609 39
   610 29
   611 26
   612 38
   613 26
   614 30
   615 35
   616 34
   617 37
   618 34
   619 29
   620 35
   621 39
   622 36
   623 31
   624 29
   625 38
   626 33
   627 32
   628 31
   629 37
   630 33
   631 43
   632 35
   633 29
   634 43
   635 27
   636 32
   637 43
   638 26
   639 31
   640 37
   641 32
   642 38
   643 33
   644 43
   645 28
   646 45
   647 40
   648 36
   649 45
   650 31
   651 29
   652 33
   653 40
   654 31
   655 35
   656 34
   657 41
   658 42
   659 33
   660 38
   661 39
   662 36
   663 34
   664 34
   665 42
   666 34
   667 39
   668 46
   669 33
   670 38
   671 32
   672 39
   673 34
   674 43
   675 36
   676 37
   677 40
   678 37
   679 38
   680 38
   681 46
   682 35
   683 36
   684 33
   685 40
   686 40
   687 45
   688 35
   689 34
   690 31
   691 36
   692 34
   693 45
   694 33
   695 46
   696 36
   697 42
   698 46
   699 30
   700 35
   701 36
   702 39
   703 37
   704 34
   705 46
   706 40
   707 50
   708 34
   709 33
   710 34
   711 38
   712 39
   713 37
   714 42
   715 47
   716 41
   717 43
   718 42
   719 38
   720 44
   721 36
   722 34
   723 43
   724 35
   725 42
   726 48
   727 32
   728 45
   729 46
   730 34
   731 38
   732 43
   733 52
   734 31
   735 42
   736 45
   737 46
   738 49
   739 41
   740 36
   741 52
   742 42
   743 49
   744 39
   745 43
   746 51
   747 47
   748 43
   749 38
   750 39
   751 48
   752 34
   753 36
   754 39
   755 36
   756 51
   757 50
   758 38
   759 53
   760 48
   761 40
   762 47
   763 37
   764 48
   765 35
   766 53
   767 35
   768 53
   769 39
   770 39
   771 44
   772 45
   773 55
   774 34
   775 46
   776 39
   777 44
   778 42
   779 36
   780 42
   781 49
   782 47
   783 54
   784 48
   785 51
   786 52
   787 53
   788 36
   789 47
   790 51
   791 48
   792 51
   793 49
   794 37
   795 45
   796 70
   797 54
   798 44
   799 39
   800 61
   801 44
   802 37
   803 40
   804 48
   805 38
   806 57
   807 53
   808 56
   809 54
   810 47
   811 43
   812 38
   813 62
   814 44
   815 49
   816 55
   817 51
   818 57
   819 40
   820 42
   821 50
   822 59
   823 46
   824 56
   825 40
   826 54
   827 60
   828 57
   829 44
   830 48
   831 59
   832 43
   833 45
   834 46
   835 64
   836 52
   837 51
   838 49
   839 53
   840 55
   841 52
   842 48
   843 40
   844 56
   845 53
   846 52
   847 58
   848 57
   849 54
   850 57
   851 53
   852 45
   853 45
   854 44
   855 62
   856 52
   857 42
   858 66
   859 51
   860 47
   861 43
   862 49
   863 44
   864 59
   865 51
   866 58
   867 41
   868 55
   869 42
   870 62
   871 43
   872 43
   873 49
   874 48
   875 49
   876 65
   877 55
   878 62
   879 62
   880 55
   881 56
   882 41
   883 50
   884 42
   885 45
   886 66
   887 43
   888 42
   889 46
   890 55
   891 60
   892 50
   893 45
   894 45
   895 48
   896 67
   897 43
   898 65
   899 52
   900 58
   901 51
   902 49
   903 44
   904 51
   905 48
   906 48
   907 46
   908 57
   909 52
   910 44
   911 45
   912 54
   913 51
   914 45
   915 69
   916 45
   917 45
   918 45
   919 56
   920 50
   921 76
   922 52
   923 67
   924 67
   925 59
   926 61
   927 44
   928 57
   929 69
   930 49
   931 51
   932 63
   933 63
   934 61
   935 58
   936 70
   937 56
   938 59
   939 63
   940 45
   941 48
   942 67
   943 51
   944 54
   945 47
   946 59
   947 71
   948 60
   949 69
   950 47
   951 51
   952 50
   953 62
   954 46
   955 70
   956 54
   957 73
   958 59
   959 65
   960 61
   961 65
   962 70
   963 63
   964 59
   965 72
   966 51
   967 55
   968 73
   969 46
   970 61
   971 55
   972 66
   973 70
   974 56
   975 68
   976 65
   977 56
   978 50
   979 53
   980 50
   981 72
   982 66
   983 68
   984 72
   985 63
   986 50
   987 67
   988 73
   989 57
   990 77
   991 49
   992 62
   993 64
   994 55
   995 70
   996 71
   997 70
   998 69
   999 57
  1000 52
