     1 1
     2 48
     3 6
     4 4
     5 5
     6 5
     7 5
     8 7
     9 6
    10 7
    11 7
    12 6
    13 7
    14 8
    15 9
    16 11
    17 12
    18 10
    19 11
    20 13
    21 15
    22 13
    23 14
    24 13
    25 21
    26 17
    27 15
    28 12
    29 16
    30 14
    31 14
    32 23
    33 24
    34 20
    35 20
    36 18
    37 19
    38 16
    39 24
    40 28
    41 22
    42 28
    43 30
    44 26
    45 20
    46 31
    47 21
    48 20
    49 24
    50 34
    51 33
    52 35
    53 21
    54 26
    55 22
    56 29
    57 26
    58 27
    59 36
    60 33
    61 37
    62 39
    63 37
    64 51
    65 27
    66 52
    67 38
    68 50
    69 31
    70 44
    71 41
    72 32
    73 30
    74 35
    75 35
    76 38
    77 37
    78 48
    79 38
    80 53
    81 46
    82 49
    83 43
    84 40
    85 33
    86 55
    87 45
    88 53
    89 43
    90 50
    91 37
    92 59
    93 55
    94 45
    95 39
    96 53
    97 45
    98 53
    99 54
   100 41
   101 57
   102 39
   103 49
   104 42
   105 47
   106 61
   107 63
   108 63
   109 62
   110 68
   111 74
   112 72
   113 61
   114 54
   115 50
   116 61
   117 73
   118 54
   119 78
   120 61
   121 69
   122 49
   123 59
   124 85
   125 52
   126 72
   127 81
   128 83
   129 77
   130 68
   131 80
   132 75
   133 76
   134 69
   135 83
   136 70
   137 84
   138 72
   139 75
   140 89
   141 66
   142 59
   143 59
   144 65
   145 81
   146 74
   147 107
   148 72
   149 63
   150 76
   151 92
   152 80
   153 87
   154 93
   155 90
   156 87
   157 89
   158 96
   159 108
   160 97
   161 66
   162 106
   163 75
   164 99
   165 81
   166 108
   167 72
   168 88
   169 73
   170 112
   171 81
   172 80
   173 98
   174 97
   175 69
   176 69
   177 96
   178 97
   179 118
   180 105
   181 104
   182 111
   183 97
   184 115
   185 82
   186 88
   187 97
   188 120
   189 120
   190 100
   191 88
   192 99
   193 98
   194 77
   195 81
   196 76
   197 79
   198 133
   199 101
   200 95
   201 85
   202 105
   203 126
   204 86
   205 84
   206 126
   207 119
   208 91
   209 135
   210 96
   211 139
   212 127
   213 138
   214 120
   215 101
   216 88
   217 120
   218 127
   219 139
   220 136
   221 113
   222 115
   223 120
   224 101
   225 130
   226 138
   227 127
   228 143
   229 150
   230 20
   231 12
   232 12
   233 10
   234 10
   235 10
   236 7
   237 12
   238 10
   239 11
   240 11
   241 10
   242 12
   243 8
   244 13
   245 10
   246 13
   247 14
   248 11
   249 13
   250 11
   251 11
   252 13
   253 13
   254 12
   255 12
   256 12
   257 11
   258 14
   259 9
   260 9
   261 13
   262 12
   263 8
   264 13
   265 14
   266 14
   267 12
   268 14
   269 11
   270 12
   271 9
   272 10
   273 12
   274 13
   275 10
   276 12
   277 13
   278 12
   279 15
   280 10
   281 11
   282 14
   283 16
   284 10
   285 15
   286 10
   287 10
   288 12
   289 13
   290 13
   291 15
   292 11
   293 12
   294 16
   295 14
   296 15
   297 10
   298 16
   299 14
   300 13
   301 15
   302 15
   303 11
   304 12
   305 12
   306 14
   307 17
   308 22
   309 13
   310 11
   311 11
   312 12
   313 16
   314 15
   315 13
   316 21
   317 15
   318 18
   319 16
   320 12
   321 11
   322 11
   323 13
   324 13
   325 17
   326 15
   327 18
   328 12
   329 17
   330 19
   331 10
   332 16
   333 12
   334 16
   335 13
   336 18
   337 14
   338 13
   339 15
   340 15
   341 15
   342 15
   343 18
   344 15
   345 29
   346 18
   347 19
   348 15
   349 17
   350 12
   351 13
   352 15
   353 16
   354 17
   355 16
   356 17
   357 13
   358 15
   359 12
   360 15
   361 20
   362 14
   363 14
   364 18
   365 16
   366 15
   367 20
   368 16
   369 21
   370 20
   371 14
   372 18
   373 19
   374 15
   375 13
   376 19
   377 13
   378 16
   379 19
   380 14
   381 19
   382 16
   383 20
   384 20
   385 13
   386 18
   387 16
   388 17
   389 20
   390 21
   391 16
   392 19
   393 17
   394 22
   395 15
   396 15
   397 15
   398 19
   399 13
   400 21
   401 17
   402 15
   403 15
   404 21
   405 14
   406 15
   407 14
   408 16
   409 13
   410 21
   411 17
   412 17
   413 17
   414 21
   415 23
   416 21
   417 20
   418 23
   419 14
   420 20
   421 16
   422 22
   423 22
   424 15
   425 19
   426 16
   427 20
   428 19
   429 17
   430 20
   431 22
   432 18
   433 24
   434 21
   435 16
   436 20
   437 20
   438 17
   439 21
   440 14
   441 22
   442 21
   443 23
   444 22
   445 22
   446 23
   447 22
   448 23
   449 16
   450 24
   451 16
   452 15
   453 21
   454 23
   455 24
   456 15
   457 18
   458 26
   459 31
   460 21
   461 17
   462 24
   463 17
   464 22
   465 25
   466 23
   467 21
   468 18
   469 21
   470 17
   471 19
   472 24
   473 25
   474 25
   475 15
   476 21
   477 23
   478 25
   479 25
   480 20
   481 18
   482 18
   483 23
   484 17
   485 23
   486 15
   487 28
   488 21
   489 15
   490 18
   491 24
   492 16
   493 25
   494 23
   495 16
   496 20
   497 16
   498 22
   499 24
   500 22
   501 25
   502 22
   503 28
   504 21
   505 25
   506 23
   507 19
   508 27
   509 17
   510 25
   511 23
   512 19
   513 26
   514 24
   515 29
   516 20
   517 26
   518 27
   519 25
   520 25
   521 18
   522 17
   523 28
   524 22
   525 29
   526 22
   527 26
   528 21
   529 18
   530 22
   531 18
   532 28
   533 29
   534 24
   535 20
   536 19
   537 26
   538 24
   539 21
   540 26
   541 24
   542 18
   543 23
   544 27
   545 22
   546 29
   547 20
   548 21
   549 22
   550 32
   551 29
   552 24
   553 19
   554 24
   555 25
   556 27
   557 26
   558 19
   559 22
   560 28
   561 28
   562 23
   563 19
   564 22
   565 19
   566 25
   567 24
   568 31
   569 32
   570 29
   571 18
   572 25
   573 24
   574 27
   575 22
   576 23
   577 21
   578 23
   579 28
   580 30
   581 22
   582 19
   583 33
   584 33
   585 29
   586 33
   587 32
   588 33
   589 22
   590 21
   591 28
   592 25
   593 21
   594 21
   595 19
   596 27
   597 32
   598 31
   599 19
   600 27
   601 29
   602 24
   603 27
   604 22
   605 35
   606 30
   607 25
   608 24
   609 25
   610 27
   611 21
   612 21
   613 22
   614 30
   615 25
   616 33
   617 22
   618 24
   619 22
   620 23
   621 27
   622 32
   623 32
   624 34
   625 20
   626 30
   627 30
   628 28
   629 39
   630 40
   631 32
   632 34
   633 28
   634 42
   635 36
   636 28
   637 24
   638 30
   639 31
   640 35
   641 31
   642 23
   643 27
   644 35
   645 24
   646 29
   647 31
   648 36
   649 31
   650 32
   651 31
   652 29
   653 35
   654 21
   655 28
   656 31
   657 27
   658 27
   659 27
   660 33
   661 23
   662 31
   663 28
   664 32
   665 38
   666 35
   667 25
   668 25
   669 32
   670 38
   671 25
   672 35
   673 25
   674 31
   675 31
   676 26
   677 30
   678 27
   679 30
   680 39
   681 24
   682 31
   683 31
   684 27
   685 36
   686 23
   687 35
   688 28
   689 33
   690 25
   691 37
   692 24
   693 42
   694 33
   695 36
   696 38
   697 28
   698 39
   699 38
   700 33
   701 41
   702 39
   703 36
   704 29
   705 48
   706 33
   707 23
   708 40
   709 28
   710 37
   711 31
   712 30
   713 33
   714 33
   715 41
   716 28
   717 29
   718 43
   719 37
   720 35
   721 34
   722 34
   723 32
   724 40
   725 44
   726 24
   727 45
   728 37
   729 35
   730 25
   731 34
   732 41
   733 31
   734 41
   735 31
   736 33
   737 36
   738 26
   739 28
   740 38
   741 28
   742 28
   743 48
   744 45
   745 32
   746 42
   747 27
   748 46
   749 30
   750 26
   751 48
   752 39
   753 31
   754 44
   755 40
   756 26
   757 28
   758 34
   759 47
   760 28
   761 42
   762 38
   763 30
   764 31
   765 38
   766 46
   767 30
   768 32
   769 33
   770 33
   771 54
   772 35
   773 29
   774 27
   775 44
   776 41
   777 36
   778 42
   779 43
   780 28
   781 33
   782 40
   783 44
   784 42
   785 26
   786 29
   787 43
   788 53
   789 30
   790 38
   791 38
   792 32
   793 39
   794 40
   795 35
   796 49
   797 28
   798 37
   799 35
   800 47
   801 25
   802 42
   803 30
   804 41
   805 49
   806 31
   807 47
   808 33
   809 37
   810 41
   811 32
   812 31
   813 33
   814 40
   815 43
   816 33
   817 36
   818 33
   819 37
   820 44
   821 30
   822 32
   823 49
   824 45
   825 46
   826 41
   827 50
   828 36
   829 33
   830 38
   831 46
   832 44
   833 32
   834 50
   835 38
   836 45
   837 40
   838 52
   839 46
   840 52
   841 47
   842 30
   843 38
   844 54
   845 30
   846 36
   847 46
   848 43
   849 51
   850 40
   851 40
   852 40
   853 54
   854 36
   855 35
   856 37
   857 49
   858 38
   859 45
   860 32
   861 55
   862 46
   863 42
   864 42
   865 40
   866 37
   867 37
   868 55
   869 42
   870 45
   871 46
   872 55
   873 42
   874 50
   875 54
   876 53
   877 34
   878 57
   879 37
   880 43
   881 60
   882 42
   883 33
   884 36
   885 41
   886 47
   887 50
   888 46
   889 35
   890 51
   891 48
   892 47
   893 40
   894 52
   895 50
   896 29
   897 37
   898 41
   899 38
   900 56
   901 52
   902 49
   903 46
   904 48
   905 35
   906 45
   907 43
   908 42
   909 47
   910 34
   911 42
   912 58
   913 52
   914 31
   915 34
   916 44
   917 43
   918 45
   919 33
   920 38
   921 52
   922 46
   923 54
   924 38
   925 46
   926 35
   927 44
   928 48
   929 50
   930 50
   931 36
   932 49
   933 43
   934 36
   935 37
   936 41
   937 44
   938 41
   939 55
   940 40
   941 49
   942 49
   943 48
   944 62
   945 52
   946 43
   947 42
   948 50
   949 59
   950 58
   951 44
   952 52
   953 50
   954 44
   955 42
   956 37
   957 52
   958 37
   959 53
   960 38
   961 63
   962 46
   963 46
   964 46
   965 37
   966 39
   967 48
   968 52
   969 48
   970 53
   971 53
   972 66
   973 44
   974 48
   975 49
   976 42
   977 48
   978 39
   979 38
   980 50
   981 40
   982 54
   983 56
   984 54
   985 46
   986 41
   987 42
   988 55
   989 58
   990 44
   991 37
   992 52
   993 50
   994 40
   995 43
   996 71
   997 66
   998 61
   999 56
  1000 55
