     1 1
     2 25
     3 4
     4 5
     5 5
     6 7
     7 6
     8 8
     9 8
    10 11
    11 8
    12 11
    13 13
    14 16
    15 14
    16 14
    17 18
    18 19
    19 17
    20 21
    21 24
    22 21
    23 25
    24 25
    25 19
    26 26
    27 27
    28 26
    29 26
    30 34
    31 25
    32 37
    33 27
    34 37
    35 29
    36 28
    37 42
    38 40
    39 39
    40 30
    41 36
    42 28
    43 35
    44 38
    45 46
    46 31
    47 54
    48 50
    49 53
    50 39
    51 35
    52 46
    53 36
    54 40
    55 54
    56 48
    57 55
    58 62
    59 56
    60 67
    61 47
    62 44
    63 72
    64 59
    65 74
    66 76
    67 63
    68 61
    69 50
    70 59
    71 81
    72 65
    73 57
    74 63
    75 75
    76 68
    77 78
    78 89
    79 85
    80 87
    81 81
    82 78
    83 83
    84 58
    85 88
    86 90
    87 72
    88 83
    89 82
    90 72
    91 92
    92 86
    93 110
    94 74
    95 113
    96 109
    97 160
    98 129
    99 103
   100 109
